       0.000000000000       0.000000000000       0.000000000000
       0.000000000000       0.000000000000       0.000000000000
       0.000000000000       0.000000000000       0.000000000000
       0.000000000000       0.000000000000       0.000000000000
       0.000000000000       0.000000000000       0.000000000000
       0.000000000000       0.000000000000       0.000000000000
       0.000000000000       0.000000000000       0.000000000000
       0.000000000000       0.000000000000       0.000000000000
       0.000000000000       0.000000000000       0.000000000000
       0.000000000000       0.000000000000       0.000000000000
       0.000000000000       0.000000000000       0.000000000000
       0.000000000000       0.000000000000       0.000000000000
       0.000000000000       0.000000000000       0.000000000000
       0.000000000000       0.000000000000       0.000000000000
       0.000000000000       0.000000000000       0.000000000000
       0.000000000000       0.000000000000       0.000000000000
       0.000000000000       0.000000000000       0.000000000000
       0.000000000000       0.000000000000       0.000000000000
       0.007247025078       0.005672872020      -0.000411693986
       0.007291093129       0.004858883834      -0.002010700925
       0.006623809105       0.005456651144      -0.001537607863
       0.008488514141       0.004615262004       0.002026598661
       0.006580725185       0.004228199114       0.001056828537
       0.007470926561       0.003966665512       0.000541627317
       0.006787696940       0.004849075230      -0.000795039403
       0.005724274800       0.005043900445      -0.004201212196
       0.008040454757       0.004082237846      -0.004327196127
       0.020550559065       0.006310867746       0.009314632504
       0.017019053704       0.013538046753       0.004647833894
       0.014139355296       0.009998420631       0.001891363931
       0.012017846759       0.010623444750      -0.010625748178
       0.017918521950       0.013461343643      -0.004359421017
       0.024594062592       0.008110133823      -0.017748113119
       0.015648822261       0.011854295372      -0.001629557766
       0.018643166053       0.013796026283      -0.000212376354
       0.015880527991       0.015091766487       0.000828302232
       0.026998394929       0.010366741912       0.000831613576
       0.037911744945       0.017414594528       0.002430174157
       0.021111305711       0.018324633412      -0.003561458496
       0.038026521206       0.027353390888       0.030207878679
       0.052406539207       0.050437636700       0.023216253268
       0.023547852248       0.013405581998       0.004787942841
       0.046554878169       0.034573025803      -0.022553497182
       0.059207895185       0.041106167551      -0.048968903370
       0.024373156893       0.012689669178      -0.007142573458
       0.011046883226      -0.007155159783       0.006899946416
       0.013336062675      -0.008720367908       0.002768602326
       0.003843422921       0.004867717306      -0.000080374573
       0.002001489333      -0.009931008180       0.011141071459
      -0.821437905605      -0.536323721200       0.078468343738
