       0.000000000000       0.000000000000       0.000000000000
       0.000000000000       0.000000000000       0.000000000000
       0.000000000000       0.000000000000       0.000000000000
       0.000000000000       0.000000000000       0.000000000000
       0.000000000000       0.000000000000       0.000000000000
       0.000000000000       0.000000000000       0.000000000000
       0.000000000000       0.000000000000       0.000000000000
       0.000000000000       0.000000000000       0.000000000000
       0.000000000000       0.000000000000       0.000000000000
       0.000000000000       0.000000000000       0.000000000000
       0.000000000000       0.000000000000       0.000000000000
       0.000000000000       0.000000000000       0.000000000000
       0.000000000000       0.000000000000       0.000000000000
       0.000000000000       0.000000000000       0.000000000000
       0.000000000000       0.000000000000       0.000000000000
       0.000000000000       0.000000000000       0.000000000000
       0.000000000000       0.000000000000       0.000000000000
       0.000000000000       0.000000000000       0.000000000000
      -0.005296761170       0.001241321987      -0.001269428997
      -0.001824078927       0.002200927428      -0.000261251081
      -0.005454498017       0.001897180192       0.003545349897
      -0.004126699815       0.001730241590      -0.004263169327
      -0.002318078302       0.002751308329       0.000436573860
      -0.007673927429       0.001066795502      -0.002462650768
      -0.003386739101       0.002988880106      -0.000011696296
      -0.004121241175       0.002591322683       0.000224155197
      -0.005127051990       0.003135931455      -0.001279545071
      -0.023846738008       0.005724786204      -0.015692605909
      -0.018033058317       0.012310744008      -0.009341259565
      -0.009144732253       0.008534406803       0.000054766847
      -0.016629945215       0.011701137200      -0.003707575479
      -0.016061965763       0.011783620593      -0.004434259501
      -0.015514475999       0.009254423430       0.003007089041
      -0.021192140123       0.006128684525       0.009492334851
      -0.009344372536       0.008790149662      -0.004874288332
      -0.018896169046       0.010130112138       0.008390717510
      -0.018413116238       0.002367360413      -0.012161190254
      -0.054816771051       0.036910247861       0.019427842055
      -0.048182901329       0.042876128725       0.039420744001
      -0.056628124359       0.035122266377      -0.052589321224
      -0.051706669705       0.034471148405      -0.024595107037
      -0.017741371863       0.004631357569       0.010066439803
      -0.042351555726       0.021992396253       0.008800349353
      -0.031211426906       0.007898930863      -0.002282465062
      -0.035261215158       0.023284164922      -0.002837762778
       0.019776658595      -0.004846826600      -0.012460822460
       0.037691846938      -0.039240722817       0.005083532028
       0.066878766692      -0.040566914331       0.029919643133
       0.021536461214      -0.009309103788      -0.012418086110
       0.823218716211      -0.526805707143      -0.030552456362
